           5           5
  5.487700000000000E-006 -7.915800000000000E-006  2.042280000000000E-005
 -0.219852199200000      -0.370188210700000      -0.990076876600000     
  0.954326038300000       0.504807531100000      -6.837909000000000E-003
 -0.770021514700000       0.693107548300000       0.303854452400000     
  3.540077390000000E-002 -0.827505426700000       0.692572947500000     
 -7.119800000000000E-006  8.862099999999999E-006 -1.686000000000000E-005
  0.219754386400000       0.370531581000000       0.989972257500000     
  0.769759292700000      -0.693359983000000      -0.303993020100000     
 -0.954149094600000      -0.505133380900000       6.818482800000000E-003
 -3.521337650000000E-002  0.827737999000000      -0.692308820700000     
