   1          TOTAL NUMBER OF ATOM TYPES
  10  10      ELECTRONIC AND NUCLEAR CHARGE
ALL           ALL-ELECTRON ATOM TYPE
   1          NUMBER OF ATOMS OF TYPE NEO
ALL-NEO001
EXTRABASIS    CONTROLS USAGE OF SUPPLEMENTARY BASIS FUNCTIONS
  14          NUMBER OF BARE GAUSSIANS
   5   4   3  NUMBER OF S,P,D FUNCTIONS
   0   0   1  SUPPLEMENTARY S,P,D FUNCTIONS
       0.1570064170D+06       0.2357202230D+05       0.5384378010D+04
       0.1530177090D+04       0.5004819910D+03       0.1809504500D+03
       0.7042869550D+02       0.2897948950D+02       0.1236590420D+02
       0.5350932040D+01       0.2301383830D+01       0.9613489300D+00
       0.3866276500D+00       0.1443326200D+00

       0.2736595150D+00       0.5107683190D+00       0.8802155190D+00
       0.1426612960D+01       0.2169207470D+01       0.3009228460D+01
       0.3555665000D+01       0.3167599420D+01       0.1639436320D+01
       0.2944830460D+00       0.2383620200D-02       0.8564161010D-03
      -0.1829687680D-03       0.2291426580D-04

      -0.6521178170D-01      -0.1215738770D+00      -0.2102592370D+00
      -0.3413226520D+00      -0.5277200320D+00      -0.7531077920D+00
      -0.9705330410D+00      -0.1019814810D+01      -0.7623231240D+00
      -0.1156185120D+00       0.3817250920D+00       0.3534878530D+00
       0.1150470970D+00       0.5472659590D-02

       0.0000000000D+00       0.0000000000D+00       0.0000000000D+00
       0.0000000000D+00       0.0000000000D+00       0.0000000000D+00
       0.0000000000D+00       0.0000000000D+00       0.0000000000D+00
       0.0000000000D+00       0.0000000000D+00       0.1000000000D+01
       0.0000000000D+00       0.0000000000D+00

       0.0000000000D+00       0.0000000000D+00       0.0000000000D+00
       0.0000000000D+00       0.0000000000D+00       0.0000000000D+00
       0.0000000000D+00       0.0000000000D+00       0.0000000000D+00
       0.0000000000D+00       0.0000000000D+00       0.0000000000D+00
       0.1000000000D+01       0.0000000000D+00

       0.0000000000D+00       0.0000000000D+00       0.0000000000D+00
       0.0000000000D+00       0.0000000000D+00       0.0000000000D+00
       0.0000000000D+00       0.0000000000D+00       0.0000000000D+00
       0.0000000000D+00       0.0000000000D+00       0.0000000000D+00
       0.0000000000D+00       0.1000000000D+01

       0.6621720420D-01       0.1199414270D+00       0.2118454780D+00
       0.3407103530D+00       0.5367356260D+00       0.7835796870D+00
       0.1070897510D+01       0.1318317980D+01       0.1389828660D+01
       0.1196385250D+01       0.6990196210D+00       0.2693808550D+00
       0.6764143130D-01       0.7068470970D-02

       0.0000000000D+00       0.0000000000D+00       0.0000000000D+00
       0.0000000000D+00       0.0000000000D+00       0.0000000000D+00
       0.0000000000D+00       0.0000000000D+00       0.0000000000D+00
       0.0000000000D+00       0.0000000000D+00       0.1000000000D+01
       0.0000000000D+00       0.0000000000D+00

       0.0000000000D+00       0.0000000000D+00       0.0000000000D+00
       0.0000000000D+00       0.0000000000D+00       0.0000000000D+00
       0.0000000000D+00       0.0000000000D+00       0.0000000000D+00
       0.0000000000D+00       0.0000000000D+00       0.0000000000D+00
       0.1000000000D+01       0.0000000000D+00

       0.0000000000D+00       0.0000000000D+00       0.0000000000D+00
       0.0000000000D+00       0.0000000000D+00       0.0000000000D+00
       0.0000000000D+00       0.0000000000D+00       0.0000000000D+00
       0.0000000000D+00       0.0000000000D+00       0.0000000000D+00
       0.0000000000D+00       0.1000000000D+01

       0.0000000000D+00       0.0000000000D+00       0.0000000000D+00
       0.0000000000D+00       0.0000000000D+00       0.0000000000D+00
       0.0000000000D+00       0.0000000000D+00       0.0000000000D+00
       0.0000000000D+00       0.1000000000D+01       0.0000000000D+00
       0.0000000000D+00       0.0000000000D+00

       0.0000000000D+00       0.0000000000D+00       0.0000000000D+00
       0.0000000000D+00       0.0000000000D+00       0.0000000000D+00
       0.0000000000D+00       0.0000000000D+00       0.0000000000D+00
       0.0000000000D+00       0.0000000000D+00       0.1000000000D+01
       0.0000000000D+00       0.0000000000D+00

       0.0000000000D+00       0.0000000000D+00       0.0000000000D+00
       0.0000000000D+00       0.0000000000D+00       0.0000000000D+00
       0.0000000000D+00       0.0000000000D+00       0.0000000000D+00
       0.0000000000D+00       0.0000000000D+00       0.0000000000D+00
       0.1000000000D+01       0.0000000000D+00

       0.0000000000D+00       0.0000000000D+00       0.0000000000D+00
       0.0000000000D+00       0.0000000000D+00       0.0000000000D+00
       0.0000000000D+00       0.0000000000D+00       0.0000000000D+00
       0.0000000000D+00       0.0000000000D+00       0.0000000000D+00
       0.0000000000D+00       0.1000000000D+01

ELECTRONS
WFOUT
