           9           9
 -2.144900000000000E-006  2.112120000000000E-005  1.227870000000000E-005
 -0.134826230800000       4.095233700000000E-003 -0.362664024300000     
 -0.297521589500000      -3.100244380000000E-002  0.245412511100000     
  0.193008162000000       0.327309970300000       7.308891490000000E-002
  0.239420598700000      -0.300786163100000       4.389901120000000E-002
 -0.661901424700000       -1.12632894200000      -0.248934675700000     
 -0.822311243900000        1.03433911380000      -0.149701788800000     
  0.464412769600000      -1.630348250000000E-002   1.24605909890000     
   1.01979723110000       0.109332487500000      -0.846691751900000     
  3.863200000000000E-006 -2.070250000000000E-005 -1.232940000000000E-005
  0.134426171900000      -5.011495500000000E-003  0.362785863900000     
 -0.239000259300000       0.301008656300000      -4.454398550000000E-002
  0.297240951100000       3.199127100000000E-002 -0.245603737100000     
 -0.192747308900000      -0.327608125800000      -7.237641350000000E-002
  0.820909720300000       -1.03507866480000       0.152945408500000     
 -0.460627027500000       2.040977180000000E-002  -1.24747831160000     
  -1.01946135260000      -0.114791282800000       0.846537449300000     
  0.659129015700000        1.12836929110000       0.247283464200000     
