   1          TOTAL NUMBER OF ATOM TYPES
  18  18      ELECTRONIC AND NUCLEAR CHARGE
ALL           ALL-ELECTRON ATOM TYPE
   1          NUMBER OF ATOMS OF TYPE ARG
ALL-ARG001
EXTRABASIS    CONTROLS USAGE OF SUPPLEMENTARY BASIS FUNCTIONS
  17          NUMBER OF BARE GAUSSIANS
   6   5   3  NUMBER OF S,P,D FUNCTIONS
   0   0   1  SUPPLEMENTARY S,P,D FUNCTIONS
       0.8696131940D+06       0.1313914710D+06       0.3009801820D+05
       0.8566516650D+04       0.2805477330D+04       0.1015995650D+04
       0.3971660830D+03       0.1647555230D+03       0.7159010540D+02
       0.3226488640D+02       0.1474558400D+02       0.6796055900D+01
       0.3138014020D+01       0.1410014470D+01       0.6252892500D+00
       0.2592692300D+00       0.1003841900D+00

       0.5128382860D+00       0.9544603970D+00       0.1647114430D+01
       0.2681278950D+01       0.4138063600D+01       0.5986487520D+01
       0.7803365450D+01       0.8475060520D+01       0.6518012460D+01
       0.2628641860D+01       0.3125044480D+00       0.1511547720D-03
       0.4976703870D-03      -0.7884899890D-04       0.1244036710D-04
      -0.1724288900D-05       0.1719108430D-06

      -0.1446416230D+00      -0.2691117170D+00      -0.4651804830D+00
      -0.7586310480D+00      -0.1182034980D+01      -0.1743940070D+01
      -0.2398006360D+01      -0.2912558870D+01      -0.2846746940D+01
      -0.1663110690D+01       0.2544424710D+00       0.1409037770D+01
       0.8624146270D+00       0.1125881180D+00      -0.1301858600D-02
       0.3372912590D-03      -0.3754838710D-04

       0.4834816910D-01       0.9007578600D-01       0.1554143210D+00
       0.2541776610D+00       0.3950584370D+00       0.5864448400D+00
       0.8062767490D+00       0.9971869860D+00       0.9889369260D+00
       0.6201347290D+00      -0.1146872350D+00      -0.6938729000D+00
      -0.6591031800D+00       0.4616493660D-02       0.3089560030D+00
       0.1323296740D+00       0.8116482340D-02

       0.0000000000D+00       0.0000000000D+00       0.0000000000D+00
       0.0000000000D+00       0.0000000000D+00       0.0000000000D+00
       0.0000000000D+00       0.0000000000D+00       0.0000000000D+00
       0.0000000000D+00       0.0000000000D+00       0.0000000000D+00
       0.0000000000D+00       0.0000000000D+00       0.1000000000D+01
       0.0000000000D+00       0.0000000000D+00

       0.0000000000D+00       0.0000000000D+00       0.0000000000D+00
       0.0000000000D+00       0.0000000000D+00       0.0000000000D+00
       0.0000000000D+00       0.0000000000D+00       0.0000000000D+00
       0.0000000000D+00       0.0000000000D+00       0.0000000000D+00
       0.0000000000D+00       0.0000000000D+00       0.0000000000D+00
       0.1000000000D+01       0.0000000000D+00

       0.0000000000D+00       0.0000000000D+00       0.0000000000D+00
       0.0000000000D+00       0.0000000000D+00       0.0000000000D+00
       0.0000000000D+00       0.0000000000D+00       0.0000000000D+00
       0.0000000000D+00       0.0000000000D+00       0.0000000000D+00
       0.0000000000D+00       0.0000000000D+00       0.0000000000D+00
       0.0000000000D+00       0.1000000000D+01

       0.3060573590D+00       0.6043380510D+00       0.9999344110D+00
       0.1688352780D+01       0.2581484600D+01       0.3942385470D+01
       0.5519305210D+01       0.7399012140D+01       0.8635576250D+01
       0.8746991750D+01       0.6675011320D+01       0.3433384640D+01
       0.9440432100D+00       0.8290719610D-01      -0.1763570570D-03
       0.1093596700D-03      -0.9249317570D-05

      -0.9305642430D-01      -0.1765166740D+00      -0.3006829910D+00
      -0.4971532830D+00      -0.7723243230D+00      -0.1167141350D+01
      -0.1653572010D+01      -0.2214025380D+01      -0.2636341610D+01
      -0.2720624600D+01      -0.2183773100D+01      -0.1171776440D+01
      -0.2350742540D+00       0.2410967480D+00       0.1975638020D+00
       0.6292532780D-01       0.6855214860D-02

       0.0000000000D+00       0.0000000000D+00       0.0000000000D+00
       0.0000000000D+00       0.0000000000D+00       0.0000000000D+00
       0.0000000000D+00       0.0000000000D+00       0.0000000000D+00
       0.0000000000D+00       0.0000000000D+00       0.0000000000D+00
       0.0000000000D+00       0.0000000000D+00       0.1000000000D+01
       0.0000000000D+00       0.0000000000D+00

       0.0000000000D+00       0.0000000000D+00       0.0000000000D+00
       0.0000000000D+00       0.0000000000D+00       0.0000000000D+00
       0.0000000000D+00       0.0000000000D+00       0.0000000000D+00
       0.0000000000D+00       0.0000000000D+00       0.0000000000D+00
       0.0000000000D+00       0.0000000000D+00       0.0000000000D+00
       0.1000000000D+01       0.0000000000D+00

       0.0000000000D+00       0.0000000000D+00       0.0000000000D+00
       0.0000000000D+00       0.0000000000D+00       0.0000000000D+00
       0.0000000000D+00       0.0000000000D+00       0.0000000000D+00
       0.0000000000D+00       0.0000000000D+00       0.0000000000D+00
       0.0000000000D+00       0.0000000000D+00       0.0000000000D+00
       0.0000000000D+00       0.1000000000D+01

       0.0000000000D+00       0.0000000000D+00       0.0000000000D+00
       0.0000000000D+00       0.0000000000D+00       0.0000000000D+00
       0.0000000000D+00       0.0000000000D+00       0.0000000000D+00
       0.0000000000D+00       0.0000000000D+00       0.0000000000D+00
       0.0000000000D+00       0.1000000000D+01       0.0000000000D+00
       0.0000000000D+00       0.0000000000D+00

       0.0000000000D+00       0.0000000000D+00       0.0000000000D+00
       0.0000000000D+00       0.0000000000D+00       0.0000000000D+00
       0.0000000000D+00       0.0000000000D+00       0.0000000000D+00
       0.0000000000D+00       0.0000000000D+00       0.0000000000D+00
       0.0000000000D+00       0.0000000000D+00       0.1000000000D+01
       0.0000000000D+00       0.0000000000D+00

       0.0000000000D+00       0.0000000000D+00       0.0000000000D+00
       0.0000000000D+00       0.0000000000D+00       0.0000000000D+00
       0.0000000000D+00       0.0000000000D+00       0.0000000000D+00
       0.0000000000D+00       0.0000000000D+00       0.0000000000D+00
       0.0000000000D+00       0.0000000000D+00       0.0000000000D+00
       0.1000000000D+01       0.0000000000D+00

       0.0000000000D+00       0.0000000000D+00       0.0000000000D+00
       0.0000000000D+00       0.0000000000D+00       0.0000000000D+00
       0.0000000000D+00       0.0000000000D+00       0.0000000000D+00
       0.0000000000D+00       0.0000000000D+00       0.0000000000D+00
       0.0000000000D+00       0.0000000000D+00       0.0000000000D+00
       0.0000000000D+00       0.1000000000D+01

ELECTRONS
WFOUT
