!  3-21GSP  EMSL  Basis Set Exchange Library   10/18/13 12:59 PM
! Elements                             References
! --------                             ----------
!  H - Ne: A.V. Mitin, G. Hirsch, R. J. Buenker, Chem. Phys. Lett. 259, 151 (1996)
! Na - Ar: A.V. Mitin, G. Hirsch, R. J. Buenker, J. Comp. Chem. 18, 1200 (1997).
!   


****
H     0 
S   2   1.00
      4.50036231             0.15631167       
      0.68128924             0.90466909       
S   1   1.00
      0.15137639             1.0000000        
****
He     0 
S   2   1.00
     13.62310172             0.17525420       
      1.99894370             0.89346310       
S   1   1.00
      0.38294258             1.0000000        
****
Li     0 
S   3   1.00
    261.70980712             0.02718392       
     39.38599444             0.19946919       
      8.90009112             0.84471834       
SP   2   1.00
      2.40550517             0.56680799            -0.00031685       
      0.70564043             0.49693207             1.00020338       
SP   1   1.00
      0.04779874             1.0000000              1.0000000        
****
Be     0 
S   3   1.00
    503.79744442             0.02656239       
     75.82361701             0.19608914       
     17.18781371             0.84744314       
SP   2   1.00
      4.71330223             0.55252358            -0.00939323       
      1.41880203             0.50897851             1.00611127       
SP   1   1.00
      0.10454891             1.0000000              1.0000000        
****
B     0 
S   3   1.00
    338.23459961             0.03374414       
     50.98058060             0.23775108       
     11.39060370             0.81212145       
SP   2   1.00
      0.56716863             0.22649943             0.43916998       
      0.14236995             0.82508535             0.68095885       
SP   1   1.00
      3.03182778             1.0000000              1.0000000        
****
C     0 
S   3   1.00
    499.24042249             0.03330322       
     75.25419194             0.23617745       
     16.86538669             0.81336259       
SP   2   1.00
      0.89739483             0.24008573             0.46214684       
      0.21746772             0.81603757             0.66529098       
SP   1   1.00
      4.52660451             1.0000000              1.0000000        
****
N     0 
S   3   1.00
    693.92431602             0.03294106       
    104.60302038             0.23480293       
     23.49023698             0.81448223       
SP   2   1.00
      1.29068964             0.24876782             0.47669382       
      0.30742289             0.80997026             0.65455215       
SP   1   1.00
      6.33456675             1.0000000              1.0000000        
****
O     0 
S   3   1.00
    910.10034975             0.03280967       
    137.19711335             0.23422391       
     30.85279077             0.81490980       
SP   2   1.00
      1.72885887             0.27389659             0.48155753       
      0.39954770             0.79112437             0.65447861       
SP   1   1.00
      8.35065975             1.0000000              1.0000000        
****
F     0 
S   3   1.00
   1162.26781448             0.03263225       
    175.21411023             0.23347259       
     39.44340117             0.81551836       
SP   2   1.00
      0.50746974             0.78100062             0.65148993       
      2.23562751             0.28752950             0.48768552       
SP   1   1.00
     10.69908170             1.0000000              1.0000000        
****
Ne     0 
S   3   1.00
   1451.46006052             0.03243674       
    218.80907282             0.23265762       
     49.29660639             0.81620225       
SP   2   1.00
      0.63139230             0.77597368             0.64847256       
      2.81447474             0.29455064             0.49285246       
SP   1   1.00
     13.38895401             1.0000000              1.0000000        
****
Na     0 
S   3   1.00
   7320.01017255             0.02330366       
   1099.21475690             0.17562017       
    248.47102766             0.86488331       
SP   3   1.00
     68.10517280             0.35402828             0.04620771       
     20.86612762             0.57357508             0.21347098       
      6.49460139             0.16735016             0.82763041       
SP   2   1.00
      2.02508269             0.55189794             0.61044572       
      0.60635153             0.51011058             0.48877599       
SP   1   1.00
      0.04204431             1.0000000              1.0000000        
****
Mg     0 
S   3   1.00
   9468.12001271             0.02306231       
   1421.53310401             0.17358024       
    321.28960847             0.86656933       
SP   3   1.00
     88.08064448             0.32783062             0.04567364       
     27.01701160             0.57073610             0.21085454       
      8.58718567             0.19859933             0.82810900       
SP   2   1.00
      2.74393227             0.48410538             0.60906292       
      0.85790107             0.57355367             0.48389573       
SP   1   1.00
      0.07206199             1.0000000              1.0000000        
****
Al     0 
S   3   1.00
  11793.72923854             0.02289401       
   1770.45604036             0.17213922       
    400.06339907             0.86776492       
SP   3   1.00
    109.64007023             0.31053456             0.04518149       
     33.64784884             0.56662400             0.20928045       
     10.83737466             0.22119953             0.82842769       
SP   2   1.00
      3.52543096             0.44069202             0.61177585       
      1.14261480             0.61258277             0.47588924       
SP   1   1.00
      0.11329401             1.0000000              1.0000000        
****
Si     0 
S   3   1.00
  13955.62828382             0.02280973       
   2094.81304780             0.17143469       
    473.12990622             0.86836878       
SP   3   1.00
    129.47403982             0.30616268             0.02280973       
     39.69162349             0.56633497             0.20971725       
     12.82658551             0.22599843             0.82791361       
SP   2   1.00
      4.22201068             0.43766794             0.62814268       
      1.41747555             0.61251885             0.45369543       
SP   1   1.00
      0.16388839             1.0000000              1.0000000        
****
P     0 
S   3   1.00
  15151.94544206             0.02286522       
   2274.34114677             0.17211413       
    513.08292993             0.86787870       
SP   3   1.00
    139.82036038             0.32700602             0.02286522       
     42.66229825             0.57438945             0.21457368       
     13.59162817             0.19529712             0.82515660       
SP   2   1.00
      4.47317336             0.52884813             0.68437788       
      1.55838863             0.51967461             0.38812323       
SP   1   1.00
      0.22034376             1.0000000              1.0000000        
****
S     0 
S   3   1.00
  12715.98885260             0.02351515       
   1909.10567091             0.17838697       
    429.10047704             0.86294128       
SP   3   1.00
    115.28566038             0.45398660             0.05086938       
     34.54429948             0.56134562             0.25016598       
     10.43210743             0.06479410             0.79886860       
SP   2   1.00
      0.78345876             0.16040437             0.34297956       
      0.21432503             0.87484226             0.75275946       
SP   1   1.00
      3.22980606             1.0000000              1.0000000        
****
Cl     0 
S   3   1.00
  14500.35608106             0.02344138       
   2176.80649430             0.17792925       
    488.98549689             0.86335580       
SP   3   1.00
    131.13866026             0.45303954             0.05090772       
     39.21942166             0.56317356             0.25001320       
     11.88944993             0.06363089             0.79862678       
SP   2   1.00
      0.86996225             0.23130821             0.39700121       
      0.24627185             0.81374263             0.70223876       
SP   1   1.00
      3.72213855             1.0000000              1.0000000        
****
Ar     0 
S   3   1.00
  16573.92190582             0.02334667       
   2487.85495144             0.17728956       
    558.59858877             0.86391334       
SP   3   1.00
    149.60980979             0.44744675             0.05057537       
     44.69492563             0.56627977             0.24944607       
     13.60706499             0.06672096             0.79882484       
SP   2   1.00
      1.00805419             0.26333730             0.42617459       
      0.28776986             0.78554563             0.67513936       
SP   1   1.00
      4.30954676             1.0000000              1.0000000        
****

