          18          18
 -3.047683800000000E-003 -1.603940600000000E-003 -1.948192500000000E-003
  4.425424900000000E-002  0.149119035000000       7.983732000000000E-004
  4.410210300000000E-003 -5.677761150000000E-002 -0.128836199400000     
 -0.135393387500000      -1.590138940000000E-002  3.270316720000000E-002
  9.465342530000000E-002 -7.198901370000001E-002  0.100127019300000     
 -0.299676708600000      -0.377859363700000       0.289425254000000     
  0.162152963700000       0.383310743700000       4.933188170000000E-002
  0.137563959300000      -0.489328863600000      -0.208373242200000     
  0.281046156500000      -0.133379778200000       0.281169837600000     
 -0.452351950800000       0.315376264100000      -2.405161990000000E-002
 -1.883640230000000E-002  0.190682238400000      -0.510460974800000     
 -0.363806423900000      -0.204522884000000      -0.269664638000000     
 -8.157305939999999E-002  0.232165188700000       0.558356340100000     
  0.568139451700000       4.344032290000000E-002 -0.192768551500000     
   2.00227046280000       0.628371521600000        1.25325152750000     
  -1.44562687100000      -0.254907747800000        1.34889252010000     
 -0.771581512300000        1.62559882420000       -1.56953381510000     
  0.378363383900000       -1.88157120130000       -1.08459552730000     
 -1.316465000000000E-004 -3.192170500000000E-003 -2.244229400000000E-003
  0.117457217300000       0.101165720000000       1.263580610000000E-002
 -0.104289444800000       4.347503620000000E-002  0.106913032600000     
  4.194210020000000E-002 -0.132749199800000       1.597341980000000E-002
 -5.472646780000000E-002 -3.525645300000000E-003 -0.130069391100000     
 -3.737684210000000E-002 -0.376776332400000      -0.317851210100000     
 -0.193501350500000       0.551718544700000      -0.122170857400000     
  0.179434905500000       0.124866100500000      -0.500954377500000     
 -0.220891920300000      -0.464033975900000       0.232638842100000     
 -0.235733788000000       0.164879176100000       0.304563730200000     
  0.254102249600000      -5.022432550000000E-002  0.570543971100000     
  0.282720523300000       0.297405143700000       8.670955250000000E-002
 -0.498799360000000      -4.951130300000000E-002 -0.212741971700000     
  0.474031894400000      -0.278439734900000      -6.210408660000000E-002
   1.72887779970000      -0.206503998100000       -1.56318402850000     
  -2.02583247810000      -0.752211992700000      -0.782596202700000     
 -0.327640553400000        2.20774702400000       0.796056463100000     
  0.592299247100000       -1.06160555970000        1.38823843160000     
