   1          TOTAL NUMBER OF ATOM TYPES
  36  36      ELECTRONIC AND NUCLEAR CHARGE
ALL           ALL-ELECTRON ATOM TYPE
   1          NUMBER OF ATOMS OF TYPE KRY
ALL-KRY001
EXTRABASIS    CONTROLS USAGE OF SUPPLEMENTARY BASIS FUNCTIONS
  21          NUMBER OF BARE GAUSSIANS
   7   6   4  NUMBER OF S,P,D FUNCTIONS
   0   0   1  SUPPLEMENTARY S,P,D FUNCTIONS
       0.8414711250D+07       0.1307201460D+07       0.3057596550D+06
       0.8818849480D+05       0.2915267600D+05       0.1063440570D+05
       0.4184221840D+04       0.1748972810D+04       0.7681961050D+03
       0.3516300180D+03       0.1666855370D+03       0.8094433270D+02
       0.4016239940D+02       0.2028513330D+02       0.1025868740D+02
       0.5093808860D+01       0.2502334450D+01       0.1201352140D+01
       0.5407906900D+00       0.2270854400D+00       0.8909142000D-01

       0.9389928210D+00       0.1706361540D+01       0.2930195920D+01
       0.4771246940D+01       0.7432565520D+01       0.1108912440D+02
       0.1567700070D+02       0.2036789930D+02       0.2284011530D+02
       0.1951853790D+02       0.1012607240D+02       0.2115872370D+01
       0.6395362610D-01       0.6732937730D-02      -0.2553983540D-02
       0.9035611500D-03      -0.3019673080D-03       0.8895910430D-04
      -0.2150623740D-04       0.4164701560D-05      -0.5048330060D-06

      -0.2943857910D+00      -0.5350038950D+00      -0.9190906850D+00
      -0.1498277250D+01      -0.2342052640D+01      -0.3524953470D+01
      -0.5090680530D+01      -0.6939917060D+01      -0.8625775330D+01
      -0.9034343740D+01      -0.6606588410D+01      -0.1003578200D+01
       0.4079522590D+01       0.3843547680D+01       0.9696682470D+00
       0.3058572210D-01       0.2205115930D-02      -0.7081005740D-03
       0.1759609740D-03      -0.3455080890D-04       0.4222742630D-05

       0.1184880440D+00       0.2153604930D+00       0.3699311210D+00
       0.6032675500D+00       0.9431742840D+00       0.1421602640D+01
       0.2057894140D+01       0.2824375860D+01       0.3556283190D+01
       0.3833810750D+01       0.2957546350D+01       0.4884995380D+00
      -0.2531842160D+01      -0.3296813630D+01      -0.7677116070D+00
       0.1247182510D+01       0.9164791690D+00       0.1318956870D+00
       0.3475980920D-03       0.1335190400D-03      -0.1415770460D-04

      -0.4097814550D-01      -0.7447683270D-01      -0.1279420400D+00
      -0.2086254210D+00      -0.3262377210D+00      -0.4917271480D+00
      -0.7122476960D+00      -0.9782117420D+00      -0.1234573890D+01
      -0.1336010480D+01      -0.1039974150D+01      -0.1739670180D+00
       0.9340255450D+00       0.1285361800D+01       0.3233277000D+00
      -0.6470778270D+00      -0.7219710780D+00      -0.8148870380D-01
       0.2939932570D+00       0.1327474970D+00       0.7445136320D-02

       0.0000000000D+00       0.0000000000D+00       0.0000000000D+00
       0.0000000000D+00       0.0000000000D+00       0.0000000000D+00
       0.0000000000D+00       0.0000000000D+00       0.0000000000D+00
       0.0000000000D+00       0.0000000000D+00       0.0000000000D+00
       0.0000000000D+00       0.0000000000D+00       0.0000000000D+00
       0.0000000000D+00       0.0000000000D+00       0.0000000000D+00
       0.1000000000D+01       0.0000000000D+00       0.0000000000D+00

       0.0000000000D+00       0.0000000000D+00       0.0000000000D+00
       0.0000000000D+00       0.0000000000D+00       0.0000000000D+00
       0.0000000000D+00       0.0000000000D+00       0.0000000000D+00
       0.0000000000D+00       0.0000000000D+00       0.0000000000D+00
       0.0000000000D+00       0.0000000000D+00       0.0000000000D+00
       0.0000000000D+00       0.0000000000D+00       0.0000000000D+00
       0.0000000000D+00       0.1000000000D+01       0.0000000000D+00

       0.0000000000D+00       0.0000000000D+00       0.0000000000D+00
       0.0000000000D+00       0.0000000000D+00       0.0000000000D+00
       0.0000000000D+00       0.0000000000D+00       0.0000000000D+00
       0.0000000000D+00       0.0000000000D+00       0.0000000000D+00
       0.0000000000D+00       0.0000000000D+00       0.0000000000D+00
       0.0000000000D+00       0.0000000000D+00       0.0000000000D+00
       0.0000000000D+00       0.0000000000D+00       0.1000000000D+01

       0.1431621010D+01       0.2539802070D+01       0.4434370810D+01
       0.7151717110D+01       0.1129676190D+02       0.1698624920D+02
       0.2497641770D+02       0.3491349560D+02       0.4656979560D+02
       0.5644913310D+02       0.6020234920D+02       0.5118409870D+02
       0.3024617330D+02       0.1014866460D+02       0.1344352640D+01
       0.2956123740D-01       0.9345477750D-03      -0.2072201820D-03
       0.3525534250D-04      -0.4728026070D-05       0.4070572680D-06

      -0.5918339300D+00      -0.1021558310D+01      -0.1820522060D+01
      -0.2893633970D+01      -0.4621716490D+01      -0.6898825300D+01
      -0.1022454930D+02      -0.1428195510D+02      -0.1928941430D+02
      -0.2371861910D+02      -0.2621923700D+02      -0.2345888210D+02
      -0.1476294780D+02      -0.3686368240D+01       0.2914334500D+01
       0.2939185760D+01       0.1010681020D+01       0.1092236730D+00
       0.1033962440D-02       0.3841164850D-04      -0.3606031220D-05

       0.1691220790D+00       0.3003582910D+00       0.5240129940D+00
       0.8457023880D+00       0.1335723090D+01       0.2010757950D+01
       0.2961755830D+01       0.4159959030D+01       0.5601919100D+01
       0.6927678050D+01       0.7666481070D+01       0.6931987630D+01
       0.4382873600D+01       0.1046310670D+01      -0.1097335810D+01
      -0.1144632180D+01      -0.4256055110D+00       0.1091220850D+00
       0.1687709690D+00       0.6044364480D-01       0.6912332870D-02

       0.0000000000D+00       0.0000000000D+00       0.0000000000D+00
       0.0000000000D+00       0.0000000000D+00       0.0000000000D+00
       0.0000000000D+00       0.0000000000D+00       0.0000000000D+00
       0.0000000000D+00       0.0000000000D+00       0.0000000000D+00
       0.0000000000D+00       0.0000000000D+00       0.0000000000D+00
       0.0000000000D+00       0.0000000000D+00       0.0000000000D+00
       0.1000000000D+01       0.0000000000D+00       0.0000000000D+00

       0.0000000000D+00       0.0000000000D+00       0.0000000000D+00
       0.0000000000D+00       0.0000000000D+00       0.0000000000D+00
       0.0000000000D+00       0.0000000000D+00       0.0000000000D+00
       0.0000000000D+00       0.0000000000D+00       0.0000000000D+00
       0.0000000000D+00       0.0000000000D+00       0.0000000000D+00
       0.0000000000D+00       0.0000000000D+00       0.0000000000D+00
       0.0000000000D+00       0.1000000000D+01       0.0000000000D+00

       0.0000000000D+00       0.0000000000D+00       0.0000000000D+00
       0.0000000000D+00       0.0000000000D+00       0.0000000000D+00
       0.0000000000D+00       0.0000000000D+00       0.0000000000D+00
       0.0000000000D+00       0.0000000000D+00       0.0000000000D+00
       0.0000000000D+00       0.0000000000D+00       0.0000000000D+00
       0.0000000000D+00       0.0000000000D+00       0.0000000000D+00
       0.0000000000D+00       0.0000000000D+00       0.1000000000D+01

      -0.4292168720D+01       0.4400357360D+01      -0.3839250410D+00
       0.4572306040D+01       0.3654783470D+01       0.7986340160D+01
       0.1002314820D+02       0.1549621660D+02       0.2034123940D+02
       0.2686153930D+02       0.3179259150D+02       0.3421920120D+02
       0.3040211670D+02       0.2214004380D+02       0.1183663880D+02
       0.4292326700D+01       0.1025383540D+01       0.1355019900D+00
       0.5579035550D-02      -0.6730570440D-05       0.1318486770D-05

       0.0000000000D+00       0.0000000000D+00       0.0000000000D+00
       0.0000000000D+00       0.0000000000D+00       0.0000000000D+00
       0.0000000000D+00       0.0000000000D+00       0.0000000000D+00
       0.0000000000D+00       0.0000000000D+00       0.0000000000D+00
       0.0000000000D+00       0.0000000000D+00       0.0000000000D+00
       0.0000000000D+00       0.0000000000D+00       0.1000000000D+01
       0.0000000000D+00       0.0000000000D+00       0.0000000000D+00

       0.0000000000D+00       0.0000000000D+00       0.0000000000D+00
       0.0000000000D+00       0.0000000000D+00       0.0000000000D+00
       0.0000000000D+00       0.0000000000D+00       0.0000000000D+00
       0.0000000000D+00       0.0000000000D+00       0.0000000000D+00
       0.0000000000D+00       0.0000000000D+00       0.0000000000D+00
       0.0000000000D+00       0.0000000000D+00       0.0000000000D+00
       0.1000000000D+01       0.0000000000D+00       0.0000000000D+00

       0.0000000000D+00       0.0000000000D+00       0.0000000000D+00
       0.0000000000D+00       0.0000000000D+00       0.0000000000D+00
       0.0000000000D+00       0.0000000000D+00       0.0000000000D+00
       0.0000000000D+00       0.0000000000D+00       0.0000000000D+00
       0.0000000000D+00       0.0000000000D+00       0.0000000000D+00
       0.0000000000D+00       0.0000000000D+00       0.0000000000D+00
       0.0000000000D+00       0.1000000000D+01       0.0000000000D+00

       0.0000000000D+00       0.0000000000D+00       0.0000000000D+00
       0.0000000000D+00       0.0000000000D+00       0.0000000000D+00
       0.0000000000D+00       0.0000000000D+00       0.0000000000D+00
       0.0000000000D+00       0.0000000000D+00       0.0000000000D+00
       0.0000000000D+00       0.0000000000D+00       0.0000000000D+00
       0.0000000000D+00       0.0000000000D+00       0.0000000000D+00
       0.0000000000D+00       0.0000000000D+00       0.1000000000D+01

ELECTRONS
WFOUT
